header: 
  seq: 110185
  stamp: 
    secs: 1408585844
    nsecs: 120462660
  frame_id: /camera_depth_frame
angle_min: -0.513185441494
angle_max: 0.49990695715
angle_increment: 0.00158543407451
time_increment: 0.0
scan_time: 0.0329999998212
range_min: 0.449999988079
range_max: 10.0
ranges: [nan, nan, nan, nan, nan, nan, nan, nan, nan, nan, nan, nan, nan, nan, nan, nan, nan, nan, nan, nan, nan, nan, nan, nan, nan, nan, nan, nan, nan, 0.8831066489219666, 0.8813735246658325, 0.8818790316581726, 0.8835017085075378, 0.8851229548454285, 0.8822812438011169, 0.883902907371521, 0.8826897144317627, 0.8843104243278503, 0.8859298229217529, 0.8853262662887573, 0.8858345746994019, 0.8874524235725403, 0.8890690207481384, 0.8884688019752502, 0.8894863128662109, 0.8911011219024658, 0.8905050158500671, 0.8899107575416565, 0.8915250897407532, 0.8909329771995544, 0.8925464749336243, 0.8941589593887329, 0.8929816484451294, 0.8945938348770142, 0.8951066732406616, 0.8945223093032837, 0.8961336016654968, 0.8955515623092651, 0.8971622586250305, 0.8965825438499451, 0.8981927633285522, 0.8998020887374878, 0.8992252349853516, 0.9002597332000732, 0.9018682837486267, 0.9012962579727173, 0.9029045104980469, 0.9045119881629944, 0.9061185717582703, 0.9055502414703369, 0.9071567058563232, 0.9065909385681152, 0.9081972241401672, 0.9098027944564819, 0.9114077091217041, 0.9108458161354065, 0.9118914604187012, 0.911334216594696, 0.9107789993286133, 0.9156245589256287, 0.9172282814979553, 0.9166746139526367, 0.9182785153388977, 0.9177275896072388, 0.917178750038147, 0.9209353923797607, 0.9203881025314331, 0.9219920635223389, 0.9235955476760864, 0.9230520129203796, 0.9225105047225952, 0.9241152405738831, 0.9267910718917847, 0.9283943772315979, 0.929460883140564, 0.9289265871047974, 0.9305310845375061, 0.932135283946991, 0.933739185333252, 0.9364094138145447, 0.9358804225921631, 0.9353535771369934, 0.9369584321975708, 0.936434805393219, 0.9380404353141785, 0.9375200271606445, 0.9391266107559204, 0.941794753074646, 0.9412781596183777, 0.9428849220275879, 0.9423716068267822, 0.9439794421195984, 0.9466461539268494, 0.9461367726325989, 0.947745144367218, 0.9472391605377197, 0.9488486647605896, 0.9515143632888794, 0.9510124325752258, 0.9526227712631226, 0.9521244168281555, 0.9537360668182373, 0.953241229057312, 0.9559070467948914, 0.9575197100639343, 0.9601842164993286, 0.959694504737854, 0.9613083600997925, 0.9608222842216492, 0.9603385925292969, 0.9619553685188293, 0.9614753723144531, 0.9641417860984802, 0.9657599925994873, 0.9631907939910889, 0.9648118019104004, 0.9674791097640991, 0.9691003561019897, 0.9686322212219238, 0.9712997674942017, 0.9708350300788879, 0.972459614276886, 0.9719988107681274, 0.9715405106544495, 0.9762943983078003, 0.9758386611938477, 0.9785082936286926, 0.9780560731887817, 0.9796863794326782, 0.98235684633255, 0.985027015209198, 0.9845811724662781, 0.9862141013145447, 0.9857723712921143, 0.9884448051452637, 0.9900803565979004, 0.9896440505981445, 0.9923178553581238, 0.9918853640556335, 0.9945603013038635, 0.9941317439079285, 0.9957738518714905, 0.9953495860099792, 0.9980274438858032, 0.9976072311401367, 1.0002864599227905, 1.0029658079147339, 1.0025508403778076, 1.0042006969451904, 1.003790259361267, 1.006473183631897, 1.006066918373108, 1.0087512731552124, 1.0114359855651855, 1.011035442352295, 1.0126937627792358, 1.0153809785842896, 1.0149866342544556, 1.0176756381988525, 1.014206051826477, nan, 1.0107414722442627, 1.019590973854065, 1.0315123796463013, nan, nan, nan, nan, nan, nan, nan, nan, nan, nan, nan, nan, nan, nan, nan, nan, nan, nan, nan, nan, nan, nan, nan, nan, nan, nan, nan, nan, nan, nan, 4.911136150360107, 4.978706359863281, 4.9082746505737305, 4.838911533355713, 4.9054694175720215, nan, 4.904087543487549, 4.902719974517822, 4.901366233825684, 4.900026798248291, 4.830860614776611, 4.829566955566406, 4.828287601470947, 4.827022075653076, 4.825770378112793, 4.824532508850098, 4.82330846786499, 4.822098731994629, 4.820902347564697, 4.887404441833496, nan, 4.818552017211914, 4.885049819946289, 4.8838934898376465, 4.88275146484375, 4.8816237449646, 4.880509853363037, 4.879410266876221, 4.878325462341309, 4.877254486083984, 4.876197814941406, 4.875154972076416, 4.942634582519531, 4.941606521606445, nan, 4.9405927658081055, 4.93959379196167, 5.010080814361572, 5.009096622467041, 5.008127212524414, 5.007172107696533, 5.006232261657715, 5.005306720733643, 5.004396438598633, 5.003500461578369, 2.234442949295044, 2.234056234359741, 2.233675956726074, nan, 2.233302116394043, 2.2329349517822266, 2.232574701309204, 2.2322206497192383, 2.2318735122680664, 2.216475248336792, 2.2161436080932617, 2.215818405151367, 2.2154998779296875, 2.2151880264282227, 2.200839042663574, nan, 2.2005422115325928, 2.200251817703247, 2.1869328022003174, 2.199690818786621, 2.1863882541656494, 2.1861257553100586, 2.1858696937561035, 2.171590566635132, 2.171349287033081, 2.171114444732666, 2.170886278152466, nan, 2.1706643104553223, 2.1564266681671143, 2.156219244003296, 2.1560182571411133, 2.1558237075805664, 2.1556355953216553, 2.155454158782959, 2.1552789211273193, 2.1551103591918945, 2.1549479961395264, 2.154792308807373, nan, 2.1416332721710205, 2.141491413116455, 2.1413559913635254, 2.1412267684936523, 2.1280975341796875, 2.1279821395874023, 2.127873182296753, 2.1147658824920654, 2.1146702766418457, 2.1145811080932617, 2.1144981384277344, nan, 2.1144216060638428, 2.101349353790283, 2.101285934448242, 2.101228952407837, 2.1011784076690674, 2.1011340618133545, 2.0880954265594482, 2.088063955307007, 2.076038360595703, 2.076019763946533, nan, 2.063007116317749, 2.076000928878784, 2.0630009174346924, 2.076007127761841, 2.076019763946533, 2.0630381107330322, 2.063063144683838, 2.063094139099121, 2.051130771636963, 2.0511741638183594, 2.0512235164642334, nan, 2.0392775535583496, 2.039339065551758, 2.0394067764282227, 2.039480447769165, 2.039560317993164, 2.0396463871002197, 2.039738655090332, 2.039837121963501, 2.0399415493011475, 2.028045892715454, nan, 2.0281620025634766, 2.0282843112945557, 2.0284125804901123, 2.0285470485687256, 2.0166773796081543, 2.0168232917785645, 2.0049631595611572, 2.005120038986206, 2.0052831172943115, 2.0054519176483154, 2.005626916885376, nan, 2.005807876586914, 1.9949785470962524, 1.9951704740524292, 1.995368480682373, 1.9955723285675049, 1.9957822561264038, 1.9959981441497803, 1.9962198734283447, 1.9964476823806763, 1.9966814517974854, 1.984891653060913, nan, 1.985135793685913, 1.9853860139846802, 1.974610686302185, 1.974871277809143, 1.9641033411026, 1.9643741846084595, 1.9646507501602173, 1.9649332761764526, 1.9652215242385864, 1.9544734954833984, 1.954771876335144, nan, 1.955075979232788, 1.9553858041763306, 1.9557015895843506, 1.956023097038269, 1.9452974796295166, 1.9456287622451782, 1.9459656476974487, 1.9463083744049072, 1.9355963468551636, 1.9359484910964966, 1.9262475967407227, 1.9266093969345093, nan, 1.9269766807556152, 1.9273498058319092, 1.927728533744812, 1.9281128644943237, 1.9285029172897339, 1.9178187847137451, 1.9182177782058716, 1.9186224937438965, 1.9190326929092407, 1.9194486141204834, 1.9198700189590454, 1.9202971458435059, 0.779792070388794, nan, 0.7819880843162537, 0.7821687459945679, 0.7823516726493835, 0.7805174589157104, 0.7756546139717102, 0.7758426666259766, 0.7750224471092224, 0.7731932997703552, 0.7693434953689575, 0.7695387005805969, 0.7687246799468994, 0.7669005990028381, 0.7650776505470276, nan, 0.7642681002616882, 0.7644727826118469, 0.7626540064811707, 0.762862503528595, 0.763073205947876, 0.7622724175453186, 0.7584314346313477, 0.7586472034454346, 0.7578506469726562, 0.7580704689025879, 0.7582924365997314, 0.7585165500640869, 0.7587428092956543, 0.7589712738990784, 0.7571691274642944, 0.7574012279510498, nan, 0.7576354742050171, 0.7558373212814331, 0.7550575733184814, 0.7552972435951233, 0.755539059638977, 0.755782961845398, 0.7560290098190308, 0.7562771439552307, 0.7565274238586426, 0.7567797899246216, 0.7570342421531677, 0.7572908401489258, 0.7555076479911804, 0.7557677030563354, 0.7560299038887024, 0.7562941908836365, 0.7565605640411377, 0.756829023361206, 0.7570995688438416, nan, 0.7573722004890442, 0.757646918296814, 0.7599721550941467, 0.7602517604827881, 0.7605334520339966, 0.760817289352417, 0.761103093624115, 0.7613910436630249, 0.761681079864502, 0.7630000710487366, 0.7632945775985718, 0.7656465768814087, 0.765946090221405, 0.7683046460151672, 0.7686090469360352, 0.7699449062347412, 0.7702538371086121, 0.7705649137496948, 0.7750003337860107, 0.7753171920776367, 0.7766675353050232, 0.7790526151657104, 0.7804092168807983, 0.7848669290542603, 0.786230742931366, 0.7886310815811157, 0.7889671921730042, 0.7913743853569031, nan, 0.7875758409500122, 0.7920587658882141, nan, nan, nan, nan, nan, nan, nan, nan, nan, nan, nan, nan, nan, nan, nan, nan, nan, nan, nan, nan, nan, nan, nan, nan, nan, nan, 1.754142165184021, 1.7550177574157715, 1.7475013732910156, 1.748381495475769, 1.7576708793640137, 1.7501548528671265, 1.7594614028930664, 1.7603631019592285, 1.761269211769104, 1.7621796131134033, 1.7546635866165161, 1.7555781602859497, 1.7564971446990967, 1.757420301437378, 1.7583478689193726, 1.7592796087265015, 1.7602156400680542, 1.7526938915252686, 1.753633737564087, 1.7545779943466187, 1.7555263042449951, 1.75743567943573, 1.7583967447280884, 1.7508676052093506, 1.7518322467803955, 1.7528010606765747, 1.7452657222747803, 1.7462379932403564, 1.747214436531067, 1.740737795829773, 1.7417181730270386, 1.7427027225494385, 1.7351542711257935, 1.7361419200897217, 1.7371337413787842, 1.7381296157836914, 1.7305728197097778, 1.7401331663131714, 1.7325745820999146, 1.7335814237594604, 1.7345921993255615, 1.7356070280075073, 1.7366256713867188, 1.7301307916641235, 1.731152892112732, 1.7246021032333374, 1.7256308794021606, 1.7352807521820068, 1.727700114250183, 1.7287404537200928, 1.7297847270965576, 1.7308326959609985, 1.7318847179412842, 1.7253730297088623, 1.718855857849121, 1.7199100255966187, 1.7209678888320923, 1.7133598327636719, 1.7144198417663574, 1.7154836654663086, 1.7165511846542358, 1.711087703704834, 1.712161660194397, 1.713239312171936, 1.7143205404281616, 1.7154054641723633, 1.7088603973388672, 1.7099478244781494, 1.7110389471054077, 1.7121336460113525, 1.6979254484176636, 1.6990175247192383, 1.6935443878173828, 1.694642186164856, 1.6957435607910156, 1.6968485116958618, 1.690268874168396, 1.691375732421875, 1.6924861669540405, 1.693600058555603, 1.694717526435852, 1.6881250143051147, 1.6903668642044067, 1.6914929151535034, 1.6848886013031006, 1.686016321182251, 1.6871474981307983, 1.6816396713256836, 1.682773232460022, 1.6839100122451782, 1.677285075187683, 1.6795650720596313, 1.680709958076477, 1.6818583011627197, 1.6763312816619873, 1.6774816513061523, 1.6853229999542236, 1.6797921657562256, 1.6742972135543823, 1.6754584312438965, 1.6687934398651123, 1.6699557304382324, 1.6711212396621704, 1.6722899675369263, 1.6734619140625, 1.6679024696350098, 1.6702526807785034, 1.671432614326477, 1.6726155281066895, 1.6738017797470093, 1.6682279109954834, 1.6615196466445923, 1.6571153402328491, 1.6650841236114502, 1.6594911813735962, 1.6606836318969727, 1.6618791818618774, 1.6630778312683105, 1.665484070777893, 1.666691780090332, 1.6679024696350098, 1.6691162586212158, 1.6703330278396606, 1.664716124534607]
intensities: []
---
